global_pose, 0.983273, 0.181758, 0.0117375, -0.211131
global_pose, -0.17597, 0.964634, -0.196256, 0.238188
global_pose, -0.0469934, 0.190908, 0.980483, -0.0309357
global_pose, 0, 0, 0, 1
global_rpy, -0.177089, 0.0470107, 0.192302
global_time_surface_normals, 8
global_time_shape_features, 131
global_time_feature_matches, 1039
global_time_ransac, 25961
global_ransac_iterations, 3116
global_ransac_inliers, 506
global_features, 2277
global_object_cloud_size, 2277
global_scene_cloud_size, 727
global_rms_error, 0.00333545
local_pose, 0.980717, -0.160231, -0.11218, 0.0465264
local_pose, 0.182672, 0.955252, 0.232651, 0.0378026
local_pose, 0.0698867, -0.248652, 0.966096, 0.0815604
local_pose, 0, 0, 0, 1
local_rpy, 0.184154, -0.0699418, -0.25191
local_time_icp, 1773
local_icp_inliers, 1226
local_object_cloud_size, 2277
local_scene_cloud_size, 727
local_rms_error, 0.00504347
final_pose, 0.99778, 0.00227322, -0.0670332, -0.195228
final_pose, 0.00058781, 0.999086, 0.0427809, 0.219567
final_pose, 0.0670728, -0.0427201, 0.996861, -0.0223075
final_pose, 0, 0, 0, 1
final_rpy, 0.000589118, -0.0671214, -0.0428284
final_is_valid, 1
=======================================================
global_pose, 0.946586, 0.316726, -0.0604952, -0.204849
global_pose, -0.31644, 0.948501, 0.0145182, 0.226556
global_pose, 0.061978, 0.00540037, 0.998063, -0.0273775
global_pose, 0, 0, 0, 1
global_rpy, -0.322617, -0.0620178, 0.0054108
global_time_surface_normals, 9
global_time_shape_features, 151
global_time_feature_matches, 1064
global_time_ransac, 25861
global_ransac_iterations, 2710
global_ransac_inliers, 583
global_features, 2277
global_object_cloud_size, 2277
global_scene_cloud_size, 755
global_rms_error, 0.00317198
local_pose, 0.949953, -0.312356, -0.00537421, 0.0698252
local_pose, 0.312183, 0.948502, 0.0538318, 0.0702124
local_pose, -0.0117139, -0.0528156, 0.998532, 0.0146356
local_pose, 0, 0, 0, 1
local_rpy, 0.317511, 0.0117143, -0.052844
local_time_icp, 1800
local_icp_inliers, 1263
local_object_cloud_size, 2277
local_scene_cloud_size, 755
local_rms_error, 0.00503971
final_pose, 0.997721, 0.00457585, -0.0673662, -0.19539
final_pose, -0.00129966, 0.998823, 0.0486125, 0.219677
final_pose, 0.0675118, -0.0484133, 0.99654, -0.0222678
final_pose, 0, 0, 0, 1
final_rpy, -0.00130263, -0.0675634, -0.0485432
final_is_valid, 1
=======================================================
global_pose, 0.987694, 0.0993729, -0.120771, -0.194853
global_pose, -0.0803645, 0.984926, 0.153179, 0.203528
global_pose, 0.134172, -0.141588, 0.980791, -0.0212637
global_pose, 0, 0, 0, 1
global_rpy, -0.0811869, -0.134578, -0.14337
global_time_surface_normals, 8
global_time_shape_features, 141
global_time_feature_matches, 1040
global_time_ransac, 25948
global_ransac_iterations, 1127
global_ransac_inliers, 552
global_features, 2277
global_object_cloud_size, 2277
global_scene_cloud_size, 750
global_rms_error, 0.00328142
local_pose, 0.9932, -0.0893205, 0.0743641, 0.0175861
local_pose, 0.0959006, 0.991311, -0.0900265, 0.0339989
local_pose, -0.0656816, 0.0965391, 0.993137, -0.0334885
local_pose, 0, 0, 0, 1
local_rpy, 0.0962588, 0.0657304, 0.0969018
local_time_icp, 2018
local_icp_inliers, 1233
local_object_cloud_size, 2277
local_scene_cloud_size, 750
local_rms_error, 0.00491137
final_pose, 0.998133, 0.000194093, -0.0606961, -0.195702
final_pose, 0.00297519, 0.998644, 0.0519688, 0.218986
final_pose, 0.0606199, -0.0520593, 0.99678, -0.0221595
final_pose, 0, 0, 0, 1
final_rpy, 0.00298075, -0.0606585, -0.0521801
final_is_valid, 1
=======================================================
global_pose, 0.982109, 0.188116, -0.00859834, -0.209788
global_pose, -0.186838, 0.979106, 0.0802748, 0.216227
global_pose, 0.0235197, -0.077232, 0.996736, -0.019742
global_pose, 0, 0, 0, 1
global_rpy, -0.187995, -0.0235218, -0.0773305
global_time_surface_normals, 9
global_time_shape_features, 166
global_time_feature_matches, 1169
global_time_ransac, 27502
global_ransac_iterations, 2953
global_ransac_inliers, 656
global_features, 2277
global_object_cloud_size, 2277
global_scene_cloud_size, 774
global_rms_error, 0.00327692
local_pose, 0.982932, -0.177924, -0.0475154, 0.0480379
local_pose, 0.176942, 0.983919, -0.0237762, 0.0430683
local_pose, 0.0509907, 0.0149702, 0.998596, 0.00536669
local_pose, 0, 0, 0, 1
local_rpy, 0.178107, -0.0510124, 0.0149901
local_time_icp, 1853
local_icp_inliers, 1213
local_object_cloud_size, 2277
local_scene_cloud_size, 774
local_rms_error, 0.00487154
final_pose, 0.997472, 0.014368, -0.0700947, -0.195704
final_pose, -0.0106164, 0.998483, 0.0537638, 0.219167
final_pose, 0.0707681, -0.0528741, 0.9961, -0.0218079
final_pose, 0, 0, 0, 1
final_rpy, -0.0106429, -0.0708266, -0.0530313
final_is_valid, 1
=======================================================
global_pose, 0.996962, 0.0625156, 0.046456, -0.206821
global_pose, -0.0617763, 0.997942, -0.0171838, 0.230228
global_pose, -0.0474347, 0.0142617, 0.998773, -0.0255382
global_pose, 0, 0, 0, 1
global_rpy, -0.0618854, 0.0474525, 0.0142782
global_time_surface_normals, 11
global_time_shape_features, 156
global_time_feature_matches, 1048
global_time_ransac, 26785
global_ransac_iterations, 1905
global_ransac_inliers, 617
global_features, 2277
global_object_cloud_size, 2277
global_scene_cloud_size, 736
global_rms_error, 0.00334703
local_pose, 0.992742, -0.0606571, -0.103993, 0.0202082
local_pose, 0.0677284, 0.995521, 0.0658986, 0.0061069
local_pose, 0.0995332, -0.0724635, 0.992394, 0.0406275
local_pose, 0, 0, 0, 1
local_rpy, 0.068118, -0.0996981, -0.0728895
local_time_icp, 1860
local_icp_inliers, 1235
local_object_cloud_size, 2277
local_scene_cloud_size, 736
local_rms_error, 0.00497865
final_pose, 0.998406, 4.64264e-05, -0.0567041, -0.196421
final_pose, 0.00289713, 0.998646, 0.0518573, 0.219613
final_pose, 0.0566334, -0.0519387, 0.997045, -0.0219851
final_pose, 0, 0, 0, 1
final_rpy, 0.00290175, -0.0566637, -0.0520456
final_is_valid, 1
=======================================================
global_pose, 0.952397, 0.174873, -0.249719, -0.18239
global_pose, -0.1711, 0.984562, 0.0369142, 0.219646
global_pose, 0.252319, 0.00756992, 0.967615, -0.0192218
global_pose, 0, 0, 0, 1
global_rpy, -0.177756, -0.255076, 0.00782312
global_time_surface_normals, 11
global_time_shape_features, 154
global_time_feature_matches, 1110
global_time_ransac, 26096
global_ransac_iterations, 2958
global_ransac_inliers, 569
global_features, 2277
global_object_cloud_size, 2277
global_scene_cloud_size, 749
global_rms_error, 0.00326407
local_pose, 0.96747, -0.168883, 0.188392, 0.0215838
local_pose, 0.160361, 0.98525, 0.0596766, 0.0328048
local_pose, -0.195698, -0.0275154, 0.980303, -0.0332436
local_pose, 0, 0, 0, 1
local_rpy, 0.16426, 0.196964, -0.0280609
local_time_icp, 1772
local_icp_inliers, 1239
local_object_cloud_size, 2277
local_scene_cloud_size, 749
local_rms_error, 0.00499722
final_pose, 0.997846, 0.00433455, -0.0655391, -0.195589
final_pose, -0.000790733, 0.998534, 0.0540684, 0.218815
final_pose, 0.0656747, -0.053892, 0.996409, -0.0224371
final_pose, 0, 0, 0, 1
final_rpy, -0.000792439, -0.0657204, -0.0540336
final_is_valid, 1
=======================================================
global_pose, 0.955288, 0.293695, -0.0341727, -0.206395
global_pose, -0.295126, 0.954168, -0.0496364, 0.235858
global_pose, 0.0180286, 0.0575022, 0.998182, -0.0277181
global_pose, 0, 0, 0, 1
global_rpy, -0.299638, -0.0180296, 0.0575433
global_time_surface_normals, 7
global_time_shape_features, 139
global_time_feature_matches, 1029
global_time_ransac, 25704
global_ransac_iterations, 3116
global_ransac_inliers, 517
global_features, 2277
global_object_cloud_size, 2277
global_scene_cloud_size, 725
global_rms_error, 0.00327075
local_pose, 0.959581, -0.276938, -0.050296, 0.0665673
local_pose, 0.28109, 0.952243, 0.11956, 0.054883
local_pose, 0.0147774, -0.128862, 0.991578, 0.0390765
local_pose, 0, 0, 0, 1
local_rpy, 0.284958, -0.0147775, -0.129232
local_time_icp, 1753
local_icp_inliers, 1207
local_object_cloud_size, 2277
local_scene_cloud_size, 725
local_rms_error, 0.005016
final_pose, 0.997501, 0.0146867, -0.0692499, -0.195409
final_pose, -0.0103546, 0.99803, 0.0624715, 0.218148
final_pose, 0.070024, -0.0615982, 0.995668, -0.0218513
final_pose, 0, 0, 0, 1
final_rpy, -0.0103801, -0.0700796, -0.0617875
final_is_valid, 1
=======================================================
global_pose, 0.977246, 0.169091, -0.128059, -0.198225
global_pose, -0.177801, 0.982244, -0.0598664, 0.231347
global_pose, 0.115662, 0.0812731, 0.989958, -0.0267299
global_pose, 0, 0, 0, 1
global_rpy, -0.179972, -0.115921, 0.0819139
global_time_surface_normals, 10
global_time_shape_features, 142
global_time_feature_matches, 1029
global_time_ransac, 25907
global_ransac_iterations, 1927
global_ransac_inliers, 540
global_features, 2277
global_object_cloud_size, 2277
global_scene_cloud_size, 747
global_rms_error, 0.00347277
local_pose, 0.983573, -0.175205, 0.0439039, 0.0421375
local_pose, 0.168324, 0.977266, 0.128897, 0.0300648
local_pose, -0.065489, -0.119386, 0.990717, 0.0188967
local_pose, 0, 0, 0, 1
local_rpy, 0.169493, 0.0655339, -0.119927
local_time_icp, 1780
local_icp_inliers, 1234
local_object_cloud_size, 2277
local_scene_cloud_size, 747
local_rms_error, 0.00506769
final_pose, 0.997422, -0.00221249, -0.0720032, -0.194538
final_pose, 0.00564403, 0.998852, 0.0475418, 0.219341
final_pose, 0.0718164, -0.0478215, 0.996302, -0.0222232
final_pose, 0, 0, 0, 1
final_rpy, 0.00565856, -0.071876, -0.0479622
final_is_valid, 1
=======================================================
global_pose, 0.874681, 0.186684, -0.447306, -0.154796
global_pose, -0.20165, 0.979351, 0.0144175, 0.227384
global_pose, 0.440761, 0.0775885, 0.894265, -0.00958978
global_pose, 0, 0, 0, 1
global_rpy, -0.226583, -0.456446, 0.0865456
global_time_surface_normals, 10
global_time_shape_features, 146
global_time_feature_matches, 1052
global_time_ransac, 26130
global_ransac_iterations, 2046
global_ransac_inliers, 516
global_features, 2277
global_object_cloud_size, 2277
global_scene_cloud_size, 756
global_rms_error, 0.00313097
local_pose, 0.984537, -0.168631, -0.0473353, 0.0441467
local_pose, 0.170277, 0.984869, 0.0330082, 0.0335067
local_pose, 0.0410394, -0.0405555, 0.998366, 0.0195803
local_pose, 0, 0, 0, 1
local_rpy, 0.171258, -0.0410496, -0.0405995
local_time_icp, 1736
local_icp_inliers, 991
local_object_cloud_size, 2277
local_scene_cloud_size, 756
local_rms_error, 0.00545659
final_pose, 0.874297, 0.0149753, -0.48515, -0.146146
final_pose, -0.035112, 0.998882, -0.0324486, 0.230775
final_pose, 0.484115, 0.045405, 0.873862, -0.00556817
final_pose, 0, 0, 0, 1
final_rpy, -0.0401387, -0.505334, 0.0519124
final_is_valid, 0
=======================================================
global_pose, 0.83432, 0.0600728, -0.547998, -0.141724
global_pose, -0.0309198, 0.997579, 0.0622819, 0.219212
global_pose, 0.550413, -0.035019, 0.834158, 0.00216626
global_pose, 0, 0, 0, 1
global_rpy, -0.0370429, -0.582859, -0.0419566
global_time_surface_normals, 10
global_time_shape_features, 152
global_time_feature_matches, 1064
global_time_ransac, 26327
global_ransac_iterations, 2046
global_ransac_inliers, 535
global_features, 2277
global_object_cloud_size, 2277
global_scene_cloud_size, 761
global_rms_error, 0.00309257
local_pose, 0.998005, -0.0438445, 0.0465869, 0.00769904
local_pose, 0.0467614, 0.99692, -0.0636144, 0.0160633
local_pose, -0.0436512, 0.0656642, 0.996923, -0.0263655
local_pose, 0, 0, 0, 1
local_rpy, 0.0468206, 0.0436635, 0.0657718
local_time_icp, 1888
local_icp_inliers, 994
local_object_cloud_size, 2277
local_scene_cloud_size, 761
local_rms_error, 0.00537139
final_pose, 0.859653, 0.0145831, -0.510774, -0.143253
final_pose, -0.0268248, 0.999543, -0.0165996, 0.227835
final_pose, 0.51027, 0.0279717, 0.859602, -0.00362505
final_pose, 0, 0, 0, 1
final_rpy, -0.0311941, -0.535477, 0.0325289
final_is_valid, 0
=======================================================
global_pose, 0.922185, 0.381914, -0.0609604, -0.20381
global_pose, -0.386176, 0.900737, -0.19885, 0.235095
global_pose, -0.0210343, 0.206918, 0.978132, -0.0321447
global_pose, 0, 0, 0, 1
global_rpy, -0.396575, 0.0210359, 0.20847
global_time_surface_normals, 8
global_time_shape_features, 137
global_time_feature_matches, 1242
global_time_ransac, 26551
global_ransac_iterations, 3116
global_ransac_inliers, 528
global_features, 2277
global_object_cloud_size, 2277
global_scene_cloud_size, 877
global_rms_error, 0.00328597
local_pose, 0.999835, -0.00982755, 0.0160424, 0.0062615
local_pose, 0.00562282, 0.969918, 0.243357, 0.000789394
local_pose, -0.0179535, -0.243225, 0.969813, 0.0619428
local_pose, 0, 0, 0, 1
local_rpy, 0.00562369, 0.0179544, -0.245728
local_time_icp, 1844
local_icp_inliers, 1273
local_object_cloud_size, 2277
local_scene_cloud_size, 877
local_rms_error, 0.00492908
final_pose, 0.925491, 0.376319, -0.0433044, -0.200341
final_pose, -0.374493, 0.926143, 0.0448251, 0.219844
final_pose, 0.0569719, -0.025267, 0.998065, -0.0227535
final_pose, 0, 0, 0, 1
final_rpy, -0.384502, -0.0570022, -0.0253106
final_is_valid, 1
=======================================================
global_pose, 0.856816, 0.479479, -0.189648, -0.188114
global_pose, -0.416567, 0.860451, 0.293423, 0.194389
global_pose, 0.303873, -0.172408, 0.936983, -0.00842468
global_pose, 0, 0, 0, 1
global_rpy, -0.452531, -0.308755, -0.181968
global_time_surface_normals, 10
global_time_shape_features, 144
global_time_feature_matches, 1200
global_time_ransac, 26450
global_ransac_iterations, 976
global_ransac_inliers, 547
global_features, 2277
global_object_cloud_size, 2277
global_scene_cloud_size, 844
global_rms_error, 0.00321837
local_pose, 0.977231, -0.0778926, 0.197378, -0.000846778
local_pose, 0.123029, 0.965924, -0.227877, 0.053116
local_pose, -0.172899, 0.246962, 0.953478, -0.0947232
local_pose, 0, 0, 0, 1
local_rpy, 0.125236, 0.173771, 0.253442
local_time_icp, 1833
local_icp_inliers, 1272
local_object_cloud_size, 2277
local_scene_cloud_size, 844
local_rms_error, 0.00483529
final_pose, 0.929733, 0.367509, -0.0232448, -0.201482
final_pose, -0.366205, 0.929408, 0.0465747, 0.219657
final_pose, 0.0387175, -0.0347907, 0.998647, -0.0222247
final_pose, 0, 0, 0, 1
final_rpy, -0.375221, -0.0387271, -0.0348237
final_is_valid, 1
=======================================================
global_pose, 0.859309, 0.502093, 0.0974176, -0.216895
global_pose, -0.493601, 0.864016, -0.0991701, 0.232172
global_pose, -0.133963, 0.0371324, 0.990291, -0.0222386
global_pose, 0, 0, 0, 1
global_rpy, -0.521395, 0.134367, 0.0374789
global_time_surface_normals, 9
global_time_shape_features, 147
global_time_feature_matches, 1217
global_time_ransac, 26567
global_ransac_iterations, 2449
global_ransac_inliers, 593
global_features, 2277
global_object_cloud_size, 2277
global_scene_cloud_size, 844
global_rms_error, 0.00323239
local_pose, 0.980355, -0.14386, -0.135027, 0.0418602
local_pose, 0.160316, 0.979744, 0.120066, 0.0307892
local_pose, 0.115025, -0.139351, 0.983515, 0.0565532
local_pose, 0, 0, 0, 1
local_rpy, 0.162094, -0.115283, -0.14075
local_time_icp, 1838
local_icp_inliers, 1265
local_object_cloud_size, 2277
local_scene_cloud_size, 844
local_rms_error, 0.00487362
final_pose, 0.931526, 0.362919, -0.0239454, -0.201172
final_pose, -0.361926, 0.931467, 0.0373564, 0.220817
final_pose, 0.035871, -0.0261279, 0.99899, -0.0226206
final_pose, 0, 0, 0, 1
final_rpy, -0.37058, -0.0358796, -0.0261483
final_is_valid, 1
=======================================================
global_pose, 0.951412, 0.25062, -0.178898, -0.187076
global_pose, -0.260453, 0.964909, -0.0333881, 0.223652
global_pose, 0.164253, 0.0783605, 0.983301, -0.0292807
global_pose, 0, 0, 0, 1
global_rpy, -0.267207, -0.165, 0.0795232
global_time_surface_normals, 12
global_time_shape_features, 158
global_time_feature_matches, 1192
global_time_ransac, 27103
global_ransac_iterations, 2509
global_ransac_inliers, 610
global_features, 2277
global_object_cloud_size, 2277
global_scene_cloud_size, 842
global_rms_error, 0.00325409
local_pose, 0.984021, 0.110885, 0.13937, -0.0363596
local_pose, -0.119602, 0.991287, 0.0557908, -0.0225882
local_pose, -0.131957, -0.0715603, 0.988658, -0.00247708
local_pose, 0, 0, 0, 1
local_rpy, -0.120951, 0.132345, -0.0722552
local_time_icp, 2013
local_icp_inliers, 1312
local_object_cloud_size, 2277
local_scene_cloud_size, 842
local_rms_error, 0.00486153
final_pose, 0.930221, 0.36453, -0.0426995, -0.199727
final_pose, -0.362811, 0.9309, 0.0431586, 0.219857
final_pose, 0.0554821, -0.0246485, 0.998144, -0.0227443
final_pose, 0, 0, 0, 1
final_rpy, -0.371879, -0.0555112, -0.0246894
final_is_valid, 1
=======================================================
global_pose, 0.877404, 0.473389, 0.0778765, -0.218605
global_pose, -0.475442, 0.879699, 0.00918412, 0.228196
global_pose, -0.0641602, -0.045084, 0.996921, -0.0211511
global_pose, 0, 0, 0, 1
global_rpy, -0.496583, 0.0642043, -0.0451924
global_time_surface_normals, 8
global_time_shape_features, 148
global_time_feature_matches, 1360
global_time_ransac, 27183
global_ransac_iterations, 1927
global_ransac_inliers, 672
global_features, 2277
global_object_cloud_size, 2277
global_scene_cloud_size, 852
global_rms_error, 0.00326771
local_pose, 0.986803, -0.122691, -0.105752, 0.0408671
local_pose, 0.125547, 0.991882, 0.0208696, 0.0225652
local_pose, 0.102338, -0.0338747, 0.994143, 0.0288325
local_pose, 0, 0, 0, 1
local_rpy, 0.126547, -0.102521, -0.0340611
local_time_icp, 1858
local_icp_inliers, 1301
local_object_cloud_size, 2277
local_scene_cloud_size, 852
local_rms_error, 0.00487615
final_pose, 0.930943, 0.363979, -0.0297041, -0.200614
final_pose, -0.362766, 0.931049, 0.0396921, 0.221022
final_pose, 0.042113, -0.0261737, 0.99874, -0.0222965
final_pose, 0, 0, 0, 1
final_rpy, -0.371574, -0.0421267, -0.0262007
final_is_valid, 1
=======================================================
global_pose, 0.937741, 0.250012, -0.241113, -0.172701
global_pose, -0.244304, 0.968206, 0.0537856, 0.218921
global_pose, 0.246894, 0.00846785, 0.969005, -0.0198953
global_pose, 0, 0, 0, 1
global_rpy, -0.254859, -0.249473, 0.00873849
global_time_surface_normals, 9
global_time_shape_features, 147
global_time_feature_matches, 1175
global_time_ransac, 26266
global_ransac_iterations, 3367
global_ransac_inliers, 613
global_features, 2277
global_object_cloud_size, 2277
global_scene_cloud_size, 850
global_rms_error, 0.00326866
local_pose, 0.970897, 0.133006, 0.199159, -0.0581787
local_pose, -0.127586, 0.991015, -0.0398911, -0.0197799
local_pose, -0.202673, 0.0133189, 0.979149, -0.0407612
local_pose, 0, 0, 0, 1
local_rpy, -0.130662, 0.204088, 0.0136017
local_time_icp, 1827
local_icp_inliers, 1290
local_object_cloud_size, 2277
local_scene_cloud_size, 850
local_rms_error, 0.00497858
final_pose, 0.927128, 0.373199, -0.0339553, -0.200698
final_pose, -0.371601, 0.927271, 0.0454102, 0.220002
final_pose, 0.0484371, -0.0294838, 0.998383, -0.0223241
final_pose, 0, 0, 0, 1
final_rpy, -0.381203, -0.0484565, -0.029523
final_is_valid, 1
=======================================================
global_pose, 0.783918, 0.619301, -0.0440378, -0.208711
global_pose, -0.609378, 0.781058, 0.136406, 0.214053
global_pose, 0.118872, -0.0800954, 0.989674, -0.0186197
global_pose, 0, 0, 0, 1
global_rpy, -0.660776, -0.119154, -0.0807551
global_time_surface_normals, 9
global_time_shape_features, 150
global_time_feature_matches, 1225
global_time_ransac, 26386
global_ransac_iterations, 2388
global_ransac_inliers, 609
global_features, 2277
global_object_cloud_size, 2277
global_scene_cloud_size, 862
global_rms_error, 0.00316653
local_pose, 0.958788, -0.280735, 0.0437121, 0.0604216
local_pose, 0.283096, 0.956994, -0.0632021, 0.0722438
local_pose, -0.0240863, 0.0729719, 0.997039, -0.0239785
local_pose, 0, 0, 0, 1
local_rpy, 0.287107, 0.0240887, 0.0730583
local_time_icp, 1807
local_icp_inliers, 1267
local_object_cloud_size, 2277
local_scene_cloud_size, 862
local_rms_error, 0.00492553
final_pose, 0.927881, 0.371006, -0.0372562, -0.200594
final_pose, -0.36876, 0.927852, 0.0555233, 0.219183
final_pose, 0.0551713, -0.0377797, 0.997758, -0.0218962
final_pose, 0, 0, 0, 1
final_rpy, -0.378281, -0.0551995, -0.0378465
final_is_valid, 1
=======================================================
global_pose, 0.773675, 0.633551, -0.0062978, -0.213404
global_pose, -0.633173, 0.772781, -0.0436076, 0.226666
global_pose, -0.0227609, 0.0377257, 0.999029, -0.0272162
global_pose, 0, 0, 0, 1
global_rpy, -0.685858, 0.0227629, 0.0377444
global_time_surface_normals, 9
global_time_shape_features, 152
global_time_feature_matches, 1188
global_time_ransac, 26302
global_ransac_iterations, 3464
global_ransac_inliers, 569
global_features, 2277
global_object_cloud_size, 2277
global_scene_cloud_size, 858
global_rms_error, 0.00330129
local_pose, 0.951391, -0.305886, -0.0368222, 0.0702749
local_pose, 0.307954, 0.947451, 0.0867036, 0.073535
local_pose, 0.00837046, -0.0938298, 0.995576, 0.0277917
local_pose, 0, 0, 0, 1
local_rpy, 0.313045, -0.00837037, -0.0939692
local_time_icp, 1827
local_icp_inliers, 1272
local_object_cloud_size, 2277
local_scene_cloud_size, 858
local_rms_error, 0.00481405
final_pose, 0.930585, 0.364982, -0.0294391, -0.201088
final_pose, -0.363618, 0.930547, 0.0433639, 0.220211
final_pose, 0.0432264, -0.029648, 0.998648, -0.0223584
final_pose, 0, 0, 0, 1
final_rpy, -0.372499, -0.0432389, -0.0296794
final_is_valid, 1
=======================================================
global_pose, 0.897008, 0.440275, -0.0391748, -0.208612
global_pose, -0.436974, 0.896636, 0.0713924, 0.223133
global_pose, 0.0665577, -0.0469211, 0.996679, -0.0239951
global_pose, 0, 0, 0, 1
global_rpy, -0.453312, -0.0666069, -0.0470428
global_time_surface_normals, 11
global_time_shape_features, 143
global_time_feature_matches, 1169
global_time_ransac, 27043
global_ransac_iterations, 2242
global_ransac_inliers, 593
global_features, 2277
global_object_cloud_size, 2277
global_scene_cloud_size, 837
global_rms_error, 0.00320355
local_pose, 0.996786, -0.0791304, 0.0131104, 0.0251384
local_pose, 0.079325, 0.996737, -0.0153412, 0.0126698
local_pose, -0.0118513, 0.0163307, 0.999797, -0.00410398
local_pose, 0, 0, 0, 1
local_rpy, 0.0794135, 0.0118516, 0.0163326
local_time_icp, 1996
local_icp_inliers, 1263
local_object_cloud_size, 2277
local_scene_cloud_size, 837
local_rms_error, 0.00491669
final_pose, 0.929576, 0.367293, -0.0316313, -0.200774
final_pose, -0.365415, 0.929356, 0.0527617, 0.218895
final_pose, 0.0487773, -0.0374867, 0.998107, -0.021978
final_pose, 0, 0, 0, 1
final_rpy, -0.374543, -0.0487967, -0.0375402
final_is_valid, 1
=======================================================
global_pose, 0.841105, 0.511957, -0.17448, -0.202428
global_pose, -0.477851, 0.854496, 0.203705, 0.193515
global_pose, 0.25338, -0.0879617, 0.96336, -0.00854873
global_pose, 0, 0, 0, 1
global_rpy, -0.516651, -0.256173, -0.0910547
global_time_surface_normals, 12
global_time_shape_features, 167
global_time_feature_matches, 1259
global_time_ransac, 26750
global_ransac_iterations, 1380
global_ransac_inliers, 528
global_features, 2277
global_object_cloud_size, 2277
global_scene_cloud_size, 858
global_rms_error, 0.00322375
local_pose, 0.976105, -0.127167, 0.176285, 0.0222259
local_pose, 0.148995, 0.981964, -0.116609, 0.0573931
local_pose, -0.158276, 0.140088, 0.977435, -0.0717914
local_pose, 0, 0, 0, 1
local_rpy, 0.151473, 0.15894, 0.142352
local_time_icp, 1840
local_icp_inliers, 1270
local_object_cloud_size, 2277
local_scene_cloud_size, 858
local_rms_error, 0.00492668
final_pose, 0.92644, 0.375553, -0.0263889, -0.201481
final_pose, -0.373458, 0.92562, 0.0616979, 0.218254
final_pose, 0.0475947, -0.047303, 0.997774, -0.0209986
final_pose, 0, 0, 0, 1
final_rpy, -0.383185, -0.0476114, -0.0473731
final_is_valid, 1
=======================================================
global_pose, -0.685279, -0.728264, 0.00489691, -0.136905
global_pose, -0.554128, 0.517034, -0.652395, 0.294691
global_pose, 0.472584, -0.449786, -0.757864, 0.163612
global_pose, 0, 0, 0, 1
global_rpy, -2.46162, -0.49222, -2.60597
global_time_surface_normals, 7
global_time_shape_features, 143
global_time_feature_matches, 1012
global_time_ransac, 26502
global_ransac_iterations, 3284
global_ransac_inliers, 440
global_features, 2277
global_object_cloud_size, 2277
global_scene_cloud_size, 721
global_rms_error, 0.00326959
local_pose, 0.996941, -0.00633812, -0.0780559, 0.00727195
local_pose, 0.00414692, 0.999602, -0.0285396, 0.000487513
local_pose, 0.0782006, 0.0281364, 0.996576, 0.00772292
local_pose, 0, 0, 0, 1
local_rpy, 0.00415962, -0.0782777, 0.0282256
local_time_icp, 1739
local_icp_inliers, 847
local_object_cloud_size, 2277
local_scene_cloud_size, 721
local_rms_error, 0.00566936
final_pose, -0.716559, -0.694205, 0.0681726, -0.143853
final_pose, -0.570237, 0.526645, -0.630486, 0.289824
final_pose, 0.401785, -0.490649, -0.773242, 0.16836
final_pose, 0, 0, 0, 1
final_rpy, -2.46942, -0.41345, -2.57617
final_is_valid, 0
=======================================================
global_pose, 0.677038, 0.735119, -0.0349333, -0.207617
global_pose, -0.735852, 0.675417, -0.048317, 0.221098
global_pose, -0.0119242, 0.0584182, 0.998221, -0.0245961
global_pose, 0, 0, 0, 1
global_rpy, -0.827001, 0.0119245, 0.0584556
global_time_surface_normals, 9
global_time_shape_features, 159
global_time_feature_matches, 1045
global_time_ransac, 26524
global_ransac_iterations, 2425
global_ransac_inliers, 500
global_features, 2277
global_object_cloud_size, 2277
global_scene_cloud_size, 737
global_rms_error, 0.00318598
local_pose, 0.995887, -0.0907163, -0.00184199, 0.0249101
local_pose, 0.090281, 0.988933, 0.117959, 0.0205879
local_pose, -0.00888642, -0.117642, 0.993051, 0.0273488
local_pose, 0, 0, 0, 1
local_rpy, 0.0904067, 0.00888624, -0.117916
local_time_icp, 1820
local_icp_inliers, 1218
local_object_cloud_size, 2277
local_scene_cloud_size, 737
local_rms_error, 0.00500911
final_pose, 0.741029, 0.670717, -0.0322452, -0.201865
final_pose, -0.667991, 0.7412, 0.0668133, 0.217594
final_pose, 0.0687095, -0.0279779, 0.997279, -0.0212419
final_pose, 0, 0, 0, 1
final_rpy, -0.733609, -0.0687613, -0.0280469
final_is_valid, 1
=======================================================
global_pose, 0.446088, 0.888812, -0.104967, -0.20322
global_pose, -0.893429, 0.435316, -0.110838, 0.245974
global_pose, -0.0528202, 0.143224, 0.98828, -0.0231758
global_pose, 0, 0, 0, 1
global_rpy, -1.10771, 0.0528448, 0.143921
global_time_surface_normals, 11
global_time_shape_features, 181
global_time_feature_matches, 1045
global_time_ransac, 26308
global_ransac_iterations, 872
global_ransac_inliers, 483
global_features, 2277
global_object_cloud_size, 2277
global_scene_cloud_size, 713
global_rms_error, 0.00327313
local_pose, 0.932569, -0.360699, 0.015307, 0.0776839
local_pose, 0.350905, 0.915674, 0.196013, 0.0701182
local_pose, -0.0847181, -0.177434, 0.980486, 0.0268542
local_pose, 0, 0, 0, 1
local_rpy, 0.359891, 0.0848193, -0.179028
local_time_icp, 1814
local_icp_inliers, 1215
local_object_cloud_size, 2277
local_scene_cloud_size, 713
local_rms_error, 0.00498984
final_pose, 0.737459, 0.674053, -0.0427823, -0.20091
final_pose, -0.671908, 0.73857, 0.0553911, 0.219496
final_pose, 0.0689433, -0.0121091, 0.997553, -0.0222971
final_pose, 0, 0, 0, 1
final_rpy, -0.738921, -0.0689976, -0.0121382
final_is_valid, 1
=======================================================
global_pose, 0.590477, 0.806992, -0.0100715, -0.210938
global_pose, -0.807047, 0.59048, -0.00303112, 0.231851
global_pose, 0.003501, 0.00991791, 0.999945, -0.023192
global_pose, 0, 0, 0, 1
global_rpy, -0.939142, -0.003501, 0.00991814
global_time_surface_normals, 8
global_time_shape_features, 147
global_time_feature_matches, 1262
global_time_ransac, 26656
global_ransac_iterations, 2242
global_ransac_inliers, 641
global_features, 2277
global_object_cloud_size, 2277
global_scene_cloud_size, 741
global_rms_error, 0.00322087
local_pose, 0.977546, -0.20955, -0.0216915, 0.0525508
local_pose, 0.210472, 0.975853, 0.0581565, 0.038415
local_pose, 0.00897967, -0.0614158, 0.998072, 0.0169864
local_pose, 0, 0, 0, 1
local_rpy, 0.212069, -0.00897979, -0.061457
local_time_icp, 1845
local_icp_inliers, 1224
local_object_cloud_size, 2277
local_scene_cloud_size, 741
local_rms_error, 0.00496149
final_pose, 0.74626, 0.664921, -0.0309005, -0.201732
final_pose, -0.663077, 0.746648, 0.0530756, 0.218922
final_pose, 0.058362, -0.0191195, 0.998113, -0.0222943
final_pose, 0, 0, 0, 1
final_rpy, -0.726443, -0.0583952, -0.0191533
final_is_valid, 1
=======================================================
global_pose, 0.815211, 0.574293, -0.0749635, -0.192016
global_pose, -0.571732, 0.818649, 0.0541948, 0.212648
global_pose, 0.0924926, -0.00132135, 0.995713, -0.020196
global_pose, 0, 0, 0, 1
global_rpy, -0.611618, -0.092625, -0.00132703
global_time_surface_normals, 9
global_time_shape_features, 139
global_time_feature_matches, 1026
global_time_ransac, 26416
global_ransac_iterations, 318
global_ransac_inliers, 555
global_features, 2277
global_object_cloud_size, 2277
global_scene_cloud_size, 744
global_rms_error, 0.00343795
local_pose, 0.991845, 0.123684, 0.031159, -0.0369548
local_pose, -0.123439, 0.992291, -0.0103331, -0.01562
local_pose, -0.0321954, 0.00640283, 0.999473, -0.00976423
local_pose, 0, 0, 0, 1
local_rpy, -0.123817, 0.0322006, 0.00640612
local_time_icp, 1823
local_icp_inliers, 1247
local_object_cloud_size, 2277
local_scene_cloud_size, 744
local_rms_error, 0.00487023
final_pose, 0.74073, 0.670822, -0.0366237, -0.201732
final_pose, -0.668909, 0.741461, 0.0527417, 0.2193
final_pose, 0.0625372, -0.0145686, 0.997948, -0.022406
final_pose, 0, 0, 0, 1
final_rpy, -0.734492, -0.0625772, -0.0145975
final_is_valid, 1
=======================================================
global_pose, 0.756309, 0.650681, -0.067915, -0.202666
global_pose, -0.653428, 0.756409, -0.0296228, 0.22237
global_pose, 0.0320966, 0.0667818, 0.997252, -0.0262442
global_pose, 0, 0, 0, 1
global_rpy, -0.712548, -0.0321021, 0.066866
global_time_surface_normals, 8
global_time_shape_features, 145
global_time_feature_matches, 1030
global_time_ransac, 26438
global_ransac_iterations, 2629
global_ransac_inliers, 619
global_features, 2277
global_object_cloud_size, 2277
global_scene_cloud_size, 744
global_rms_error, 0.00314436
local_pose, 0.998768, 0.029545, 0.0404048, -0.00588246
local_pose, -0.032863, 0.995938, 0.084029, -0.00710604
local_pose, -0.0377535, -0.0852532, 0.995655, 0.0158291
local_pose, 0, 0, 0, 1
local_rpy, -0.0328917, 0.0377621, -0.085417
local_time_icp, 1824
local_icp_inliers, 1238
local_object_cloud_size, 2277
local_scene_cloud_size, 744
local_rms_error, 0.00500331
final_pose, 0.737368, 0.674925, -0.0284127, -0.202789
final_pose, -0.672931, 0.737566, 0.0565274, 0.218816
final_pose, 0.0591106, -0.0225602, 0.998007, -0.0216074
final_pose, 0, 0, 0, 1
final_rpy, -0.73974, -0.0591444, -0.0226014
final_is_valid, 1
=======================================================
global_pose, 0.801837, -0.597523, 0.00494736, -0.152634
global_pose, -0.565218, -0.761121, -0.318157, 0.319607
global_pose, 0.193871, 0.252313, -0.948025, 0.132471
global_pose, 0, 0, 0, 1
global_rpy, -0.61401, -0.195107, 2.88148
global_time_surface_normals, 7
global_time_shape_features, 152
global_time_feature_matches, 1391
global_time_ransac, 27844
global_ransac_iterations, 710
global_ransac_inliers, 445
global_features, 2277
global_object_cloud_size, 2277
global_scene_cloud_size, 753
global_rms_error, 0.00312153
local_pose, 0.962399, -0.255113, 0.0935552, 0.0620415
local_pose, 0.252738, 0.966855, 0.0365325, 0.0529719
local_pose, -0.0997695, -0.0115112, 0.994962, -0.0122548
local_pose, 0, 0, 0, 1
local_rpy, 0.256813, 0.099934, -0.0115689
local_time_icp, 2489
local_icp_inliers, 992
local_object_cloud_size, 2277
local_scene_cloud_size, 753
local_rms_error, 0.00585363
final_pose, 0.934019, -0.357278, -0.00276531, -0.153996
final_pose, -0.336747, -0.877692, -0.340995, 0.328249
final_pose, 0.119402, 0.319418, -0.94008, 0.131098
final_pose, 0, 0, 0, 1
final_rpy, -0.34603, -0.119686, 2.81405
final_is_valid, 0
=======================================================
global_pose, 0.607462, 0.794185, 0.0161361, -0.210526
global_pose, -0.794325, 0.607477, 0.00446789, 0.231446
global_pose, -0.00625396, -0.0155314, 0.99986, -0.0202977
global_pose, 0, 0, 0, 1
global_rpy, -0.91792, 0.006254, -0.0155323
global_time_surface_normals, 11
global_time_shape_features, 179
global_time_feature_matches, 1358
global_time_ransac, 28581
global_ransac_iterations, 597
global_ransac_inliers, 624
global_features, 2277
global_object_cloud_size, 2277
global_scene_cloud_size, 723
global_rms_error, 0.00331361
local_pose, 0.981715, -0.18635, -0.0398606, 0.046795
local_pose, 0.188407, 0.980541, 0.056042, 0.0318284
local_pose, 0.0286413, -0.0625238, 0.997676, 0.01963
local_pose, 0, 0, 0, 1
local_rpy, 0.189611, -0.0286439, -0.0625876
local_time_icp, 1877
local_icp_inliers, 1243
local_object_cloud_size, 2277
local_scene_cloud_size, 723
local_rms_error, 0.00511944
final_pose, 0.744626, 0.667079, -0.0248466, -0.202202
final_pose, -0.664769, 0.744416, 0.0634552, 0.217969
final_pose, 0.0608232, -0.0307306, 0.997719, -0.0211211
final_pose, 0, 0, 0, 1
final_rpy, -0.728798, -0.0608582, -0.0307911
final_is_valid, 1
=======================================================
global_pose, 0.522628, 0.839623, -0.147966, -0.200241
global_pose, -0.825853, 0.541673, 0.156707, 0.221058
global_pose, 0.211724, 0.0402982, 0.976498, -0.0167249
global_pose, 0, 0, 0, 1
global_rpy, -1.00658, -0.213338, 0.0412446
global_time_surface_normals, 11
global_time_shape_features, 160
global_time_feature_matches, 1011
global_time_ransac, 26866
global_ransac_iterations, 1773
global_ransac_inliers, 429
global_features, 2277
global_object_cloud_size, 2277
global_scene_cloud_size, 724
global_rms_error, 0.00342572
local_pose, 0.946435, -0.278026, 0.164309, 0.052434
local_pose, 0.291985, 0.954068, -0.0675078, 0.0662021
local_pose, -0.137979, 0.111856, 0.984092, -0.0581201
local_pose, 0, 0, 0, 1
local_rpy, 0.299246, 0.138422, 0.113178
local_time_icp, 1865
local_icp_inliers, 1237
local_object_cloud_size, 2277
local_scene_cloud_size, 724
local_rms_error, 0.00493125
final_pose, 0.75903, 0.65067, -0.0231606, -0.201288
final_pose, -0.649613, 0.75923, 0.0403841, 0.219768
final_pose, 0.0438673, -0.0156041, 0.998909, -0.0222233
final_pose, 0, 0, 0, 1
final_rpy, -0.707878, -0.0438817, -0.0156199
final_is_valid, 1
=======================================================
global_pose, 0.629375, 0.775884, -0.0434912, -0.206057
global_pose, -0.770879, 0.630425, 0.0911569, 0.222957
global_pose, 0.0981452, -0.0238454, 0.994886, -0.022722
global_pose, 0, 0, 0, 1
global_rpy, -0.886112, -0.0983034, -0.0239634
global_time_surface_normals, 11
global_time_shape_features, 138
global_time_feature_matches, 1032
global_time_ransac, 26498
global_ransac_iterations, 2242
global_ransac_inliers, 679
global_features, 2277
global_object_cloud_size, 2277
global_scene_cloud_size, 747
global_rms_error, 0.00302392
local_pose, 0.985543, -0.167579, 0.0258426, 0.0398465
local_pose, 0.168396, 0.985098, -0.0351873, 0.0335716
local_pose, -0.0195567, 0.0390237, 0.999054, -0.0124881
local_pose, 0, 0, 0, 1
local_rpy, 0.169232, 0.0195578, 0.0390408
local_time_icp, 1865
local_icp_inliers, 1259
local_object_cloud_size, 2277
local_scene_cloud_size, 747
local_rms_error, 0.004947
final_pose, 0.751995, 0.658405, -0.0324279, -0.201181
final_pose, -0.656861, 0.752525, 0.0474674, 0.219306
final_pose, 0.0556613, -0.0143951, 0.998353, -0.0224582
final_pose, 0, 0, 0, 1
final_rpy, -0.717974, -0.0556897, -0.0144178
final_is_valid, 1
=======================================================
global_pose, 0.25548, 0.96295, 0.0863527, -0.216126
global_pose, -0.966765, 0.253545, 0.0328614, 0.222227
global_pose, 0.00974957, -0.0918782, 0.995723, -0.0141381
global_pose, 0, 0, 0, 1
global_rpy, -1.31244, -0.00974973, -0.0920123
global_time_surface_normals, 8
global_time_shape_features, 131
global_time_feature_matches, 945
global_time_ransac, 26486
global_ransac_iterations, 2674
global_ransac_inliers, 411
global_features, 2277
global_object_cloud_size, 2277
global_scene_cloud_size, 675
global_rms_error, 0.00347898
local_pose, 0.972643, -0.2131, -0.0928369, 0.0521619
local_pose, 0.213775, 0.976914, -0.00235984, 0.0488514
local_pose, 0.0911956, -0.0175553, 0.9957, 0.0166138
local_pose, 0, 0, 0, 1
local_rpy, 0.216348, -0.0913206, -0.0176293
local_time_icp, 1806
local_icp_inliers, 1139
local_object_cloud_size, 2277
local_scene_cloud_size, 675
local_rms_error, 0.00492427
final_pose, 0.453603, 0.891106, -0.0154523, -0.204096
final_pose, -0.889855, 0.453763, 0.048213, 0.219779
final_pose, 0.0499781, -0.00811727, 0.998739, -0.0210745
final_pose, 0, 0, 0, 1
final_rpy, -1.09938, -0.0499979, -0.00812734
final_is_valid, 1
=======================================================
global_pose, 0.418096, 0.901857, -0.108864, -0.203638
global_pose, -0.886997, 0.431164, 0.16533, 0.205634
global_pose, 0.196042, 0.0274385, 0.980212, -0.0187658
global_pose, 0, 0, 0, 1
global_rpy, -1.13032, -0.19732, 0.0279851
global_time_surface_normals, 7
global_time_shape_features, 138
global_time_feature_matches, 976
global_time_ransac, 27030
global_ransac_iterations, 570
global_ransac_inliers, 503
global_features, 2277
global_object_cloud_size, 2277
global_scene_cloud_size, 694
global_rms_error, 0.00328728
local_pose, 0.995615, -0.0260265, 0.0897372, 0.00660128
local_pose, 0.0360145, 0.993126, -0.11142, 0.0203026
local_pose, -0.0862335, 0.114168, 0.98973, -0.0435055
local_pose, 0, 0, 0, 1
local_rpy, 0.0361573, 0.0863392, 0.114846
local_time_icp, 1828
local_icp_inliers, 1146
local_object_cloud_size, 2277
local_scene_cloud_size, 694
local_rms_error, 0.00493739
final_pose, 0.45694, 0.889143, -0.0247283, -0.20318
final_pose, -0.887686, 0.457623, 0.051058, 0.21928
final_pose, 0.0567078, -0.00138823, 0.998408, -0.0210413
final_pose, 0, 0, 0, 1
final_rpy, -1.09542, -0.0567372, -0.00139045
final_is_valid, 1
=======================================================
global_pose, -0.606907, -0.744511, -0.278151, -0.109708
global_pose, 0.784962, -0.616327, -0.0630471, 0.287312
global_pose, -0.124492, -0.256601, 0.958466, -0.00800355
global_pose, 0, 0, 0, 1
global_rpy, 2.22896, 0.124816, -0.261586
global_time_surface_normals, 8
global_time_shape_features, 136
global_time_feature_matches, 998
global_time_ransac, 26883
global_ransac_iterations, 2544
global_ransac_inliers, 419
global_features, 2277
global_object_cloud_size, 2277
global_scene_cloud_size, 689
global_rms_error, 0.00328535
local_pose, 0.995749, 0.075244, 0.0533029, -0.0162383
local_pose, -0.0806672, 0.99083, 0.108339, -0.0147895
local_pose, -0.0446666, -0.112174, 0.992707, 0.0237908
local_pose, 0, 0, 0, 1
local_rpy, -0.0808351, 0.0446805, -0.112521
local_time_icp, 1748
local_icp_inliers, 870
local_object_cloud_size, 2277
local_scene_cloud_size, 689
local_rms_error, 0.00563844
final_pose, -0.551899, -0.801398, -0.230623, -0.104288
final_pose, 0.813235, -0.578418, 0.0638081, 0.277871
final_pose, -0.184529, -0.152339, 0.970973, -0.0114831
final_pose, 0, 0, 0, 1
final_rpy, 2.16705, 0.185588, -0.155625
final_is_valid, 1
=======================================================
global_pose, -0.469792, 0.87858, 0.0859732, -0.207659
global_pose, 0.882727, 0.4665, 0.0563053, 0.235964
global_pose, 0.0093623, 0.102343, -0.994705, 0.146457
global_pose, 0, 0, 0, 1
global_rpy, 2.05988, -0.00936243, 3.03907
global_time_surface_normals, 7
global_time_shape_features, 135
global_time_feature_matches, 971
global_time_ransac, 27740
global_ransac_iterations, 1587
global_ransac_inliers, 433
global_features, 2277
global_object_cloud_size, 2277
global_scene_cloud_size, 681
global_rms_error, 0.00323428
local_pose, 0.985754, 0.156139, 0.0626943, -0.0484749
local_pose, -0.163, 0.9786, 0.125741, -0.0360718
local_pose, -0.0417185, -0.134167, 0.990086, 0.0277527
local_pose, 0, 0, 0, 1
local_rpy, -0.163873, 0.0417304, -0.13469
local_time_icp, 1969
local_icp_inliers, 886
